$ANSIBLE_VAULT;1.1;AES256
35323430643464333466626131343262643939366363653666626430336237333763323330316265
6532663137386631613730346262613733323664373536390a643536626539366539383064633565
34656265376665653763363033653332313961666631393632626530346161393239366662616163
3261656466343333330a303438333337313064303135396365363336303061613438366135643661
30646264373666323334363039333638386333353337343532643132393833386365653138313233
64616635373864326135613736373334323664646639663330313737376264313063376665316564
32643164616434303262326164376432386135353030363265313262343332336334346666346163
66313762396536313130633966613033346361373739366630323361373431636236343265396163
64346432653935396463646666633062383161636637346439373665626438333461306666333337
38613737303965663539386630623933333466656336373232653435373634386163366236363932
61343262373063316135643663633137623964616636656635613066343337336230396666313137
38313834653163643531393134623562626262656462343862336636356264386537613339636563
36313364353230386665306330663764663065626661616434396363363961643832383332653562
66363131656237396663323163363462353732313036656237666165386263623339653739623863
63653736386537633937396437336166373661646438666236323237383037383464666538623136
36323862636136626436643661356139303732323234623236613131386433326237326332373463
31643938396636666630643664666234373632383664326631643439626461623637653230653935
37333134373335396663356462336663353836623031623434623034383361633736373837333838
31373931313330396431376137383764373034323532386630343761333737353861633465323565
30373963643266623265323330373365656339336530613835613034633161366363353830346336
61313264376634306336343662313737316630323163373331376632363964376538616263316530
34336532386434373362353236633936396363326234333133613465353234616165343238306263
61353861616137303231343966323436666165353137336234303766393730373339306261626230
63636638303036393066326237396434386466333533616131613862303131663238336663313831
65393764386130316532623136653233666463393336336639306533663164613064373737366132
63363961333830626330373438633235336138663138363564616131323536326332356234326664
38653932343331626531663766386632643333326130326665343336306634303334616534333364
63346239373265386666316334363233663061303536653634313032643364643936363965616137
31376262383931393337383262383234346361663662666435356564356338303030323762336530
66623765316536646332363166613561613061626535386261393534633430336166666535346462
39393362313634626631643963386235333037636132653731633837393939613061356562626438
36366163653139353361386231353264623233666433326266383961666534323862666164616136
35646233666436373639306633653632336432386532346662303762363064636638306164346234
3531653032623133323538353461643363653331623466353438
