$ANSIBLE_VAULT;1.1;AES256
66626661616161626337353434393761336434383338393230653761383339303563613264323161
6663323734386133343062363263356635363230613133620a346565633338336165613532646662
66363530643564306231323034636431383762323339396666363136653336373032616639323933
3833353930303062610a316239633332653931636336333164366231393032326564303431396263
36663764333562306134393438653537333930623665373463613963646238363561646163353665
61326431393936343263356163623731353737373831666338663136376531316236393036343632
36633532663730613064353135363661656536363961323731373331373264333736653234613433
65386263363638623139643938616362313631646132373465353439656666613431663866666661
64636537613761386433363066623234616630313539346439386661363461326434326464373836
36616233366135646364323539336439646165636430303164386465326232343863366431306362
62343637363433316535343662363066313337326234636533623434646164356533373937363432
65373930363966393935646665653133333561353332393436303038623639343434393538353831
61326264343433613136636661643439626438366666663566643233623162326335346432613534
62636532313438653835316464623334303363636631336338353264643437383764363432323033
66613636386466303639343832653561336630653662663231383030626264376432366566633861
32383937616431653931366237663132393731336132613234313037343163376131653734353933
63323163336338636233616636333565363831613134373065313639386439306463666161356164
34663137663937363465656433663566326638356364323161316439373439636330356263356236
383933323236386435343564373630663565
