$ANSIBLE_VAULT;1.1;AES256
38333433633163666462633836383764336363633839356430303735646564376561643535303139
3035643665373933303138643165386332636630616131630a663362376634633735353266363533
31303465346331393638623532613465666438376161663237623032306431656433663961663863
6631333233643530390a623664346338326334643832613363323334323235383136343262393735
65636632323039376130663332633862623361326262393035363962376164353062363930383063
34326236396338373330616530663030613736623431633062393038316165613363333738323664
32333166383663616439666565643465613831653133336438393738353866323762636234623834
62303532643130666637393539663939633637366138643563636664393736343238613133656134
34333665323736613833356335386336666165383961396163316433363534353061336538613138
65656264363965636337623335323733396334313538393133336435333533656465633462336136
36396633393839336365633464313233656365626332326133633739643638653862366363333462
38626339363232343335346539313233666234613737316564396166313431306562633864316338
38316630333338613633316165633538346634323564393564623564313836306364386462393961
33633663383635393462306566343731626330313366313134353837356537376339616633663862
32323733626365313130343836623936323633323336613438316235326136396433383335353436
35343265386337313361323466396632613564643233623738643965386133396537353261373435
34656539303936313632323963353631663732323266623336653061653033346138396530313332
31363335363731336138653938613833353265653937366138656165616234653833373033366435
38643839666564653434613835666435376137353534343361386133353739643038366434353835
64386263666263613239393531336661376135616437323461613931653436656566393530383239
33336537633736313965623666666337626634313530323762623732303333666133346538633137
62343535316637636630336330623935303436333438643862366666656363333966386631633764
31666331323864326632333732326566633663636433316634396264383336613339353863353139
64643835323834346539666561386365663833396632613563376533643338613662343061326232
30623764313866383066653964656362313661633833393034643230613630313130306138313366
31646562313436303639366331346434613831303164363636616433333432336631633563643938
39313165303630303564623332386633353765373965313062373234646438643430383739636262
34653437613035363161333164303164353733636662336563316634653832643465383237656535
64623032326535323432396334343238663539623664366534666464356530386666363835363332
65643131323439396630393931313564313332303664666266666264336230333631353764316562
34656334643631363735313537653831393564386261306234383838643830363436353033373533
33393365646336363131306561656463303732326530623332303462323634353235346565613939
35386334613331636338383861343133303762356236616261643534376563303130386136633737
64323230393934376535663965353039316365343938613265663064333837633934623861643662
65313063666435613635336566613663646264313838336638356163333836656130383965376436
62666433393733653136343938623738346237366661613032643037373934393965383036386663
39323163333561633262393662333739376438383038383966306438313465343866643062306139
66373964623132306239376135316663333834393330366666343636353737383830396530663733
63313737653530343532323431366235306233376137323163636636373035313931373762356434
36646536366666653136326638373837336532343432353763343563363430343264346432646363
64656132386362396562326161616236636637343836323138333066353839373333353938653962
35646634653134363931366563396135306230313638373538313965623437383263333534663438
62386632343638376333326134303539663539393166366561383765613833393063656134373538
35626363653438613439303731383764303833326164303539353262326163323631396230393863
36386363393062396132383936316339386461633166616336376564376236356466653135613138
34643933353162663363396661613732613166303335383335383230346233633234616334303532
62613337623564663430616337663865666532333063306339396330623664643234316435383839
39356462633536333533623162313464326438343266363165623064346334643632393166663337
65663230366637646539363432623832303464666238363165666235393664656139326362363233
34333035656232643139393435663033313265323038633864653266663261353731643430613435
36363033623434343761666332316132313432646462386330303661386231366535623465373133
30633634363162323236393666343666316631613966633635366431626236333464353631356133
63353236663362623538336537666639636232346130373062663862343963363639643063643663
38393039623935626566343865643830333033623539316433653166306633383533356430623137
34313131643637646466306238373535333731326237336563636165616533623861313937663635
35323337313266373233623739353137313963663266303561346166396534316137303138313137
61333664646633383639346133656161343664396335383162326230653466306537396263333832
31616139376532646565653731336666303866323031316662656536633935346537326362326430
61303362363865613634633133363661373139303561353038393936656432653462353032623561
30666666316136376161656138626238613633656331653363343862343032333766323666313066
30353534616133336664663331373533623530623435356633666336623434323938333234626537
65663637383434643633656665313436616336623165303064623730633563643965353064653736
35623839323536306562656333323031613733396136393937393135363630376331356138336261
31613433326533366238303863343962303161633462333939363731313366356164383465653233
32623538643437353031356462306362633464333333313561646463316265653139636362356130
37653066326130646262373636633832353139633630663664313063333566666434353734663136
61333066316334363530363534346533386339323066343438663066356563646535323161336638
34356239616333303633306166636364363235363263326463346132336264373466383961346564
63653061653832373562383663306132303163396361393962633764366565326339323861333835
36356234376430393139643533623465316432353932653266323737663965363730333034326666
66336533343861343531666431383637653934343265613134363634393730373231313663656265
62343734633065383263636537303161636666393136336630626232646137386165396430346262
37343136663437383164663530396337336637626430323633303966626233316239353564303533
65393361303432313864643466326363646638383861313037373761643134343131626533373566
62633264356165333864363334353439653365363163376663343937663466623261636464643930
63333535613365653430383531326232353165376239383933393430326331363632656138343531
61623834376338313233393432383139383163633638636164646335373234653039346530366365
62653761386434306234363737633033656464633639363639356637363862356635343063363538
34383463663562303163393739333135386263333637633532346632383731383733303531326366
62373365326332643434613339656261626535333763643539306362313761656237383561366636
34633962313564383338366338633565643462376339393662336535336564376630313263306135
61363666653237303031316635346539353964373837616365623430316633646564306635346539
65333732393766306533373066393033363566343965626537656336386562626336366234363333
38303761323266316337383462313963333533666438393233316632393734333439303765623034
30663031396339383239376465613630373562366365653037303137353539613835626461636538
36613931336535656463613166383463383564633834343161663361643865366135383535643061
33383061366433663632373737663865343435343037363163653438633637633563616361313332
64343264643435663566323438363735363461333632383837613035306332633033333365316363
66656632366531353965623264666532306531323232616539363761313362366330656636396539
31313165613434326466653661323263633830653538373164383863343361623462353361316565
65666138396138366263373466336633373533313433666238356430646233373364383334323936
38616466306531656434363864626261346437336638356436366138373336383239326238383530
62383637323365313339313466623431646466653733646339626561613632363764313061313364
36386639393763363631653239323730303038663162336138653863616232663961653232626238
37376433663465636263373162306235663861326436323335373631623538633636393037316261
35366132343863666232306138616262653039336436643961666237393830373738303866343633
30663333343463666535363863363263356466363135373831373262666133363235636532323534
66663739343733316139396230626331313163666239353634626433306365333439613139616631
38336362343561336338663339613730376364316438363562633639303065373061633761376439
66343131306165316337653162643763366364333662346139316233373032376162653437623861
33376331643066323039386334323061646564333631343933343437363966303839653261313462
38356166363337303233363066666636626431616162373435373966303535636664323762393530
61373532353138356362373137613865663764326664366161336633353033343338613534353130
63633235613462663866653738303439306235343830366131623335653339376335343830316462
63363566636339333530306631363762316338373761313136336236636537653765363166336164
62363963646233336634313565633263356134356163313037643863313533613531613962393965
35663465623636623132353935646364636363666334626363336236363633323031666133353164
33313330323931613762616333613330653730643165383430393865643936333861343630376433
65633838636663656430323439353638396435303163343639626462313432313931353564376163
34323538346635323834383261326163326336326264643166633035323563623033393564326361
33373764653632623938323130343931616634323465323635383430643832303164393861306266
34343666393437373338303834666634366534383431323939303233316534333464663037646364
37303564383834363837373766623237376366393763666339353664343038363265363438663237
62663132343230353263366361303333663663346162333562323661396366366262666233366564
37363734643739343265376264393834363930303331336239313633313033353163663239356338
37366533636462393334
